00000001 000000000011 00000101 000000000100
00100001 000000001111 00000000 000000000000
00000000 000000000000 00000000 000000000000
00000000 000000000000 00000000 000010010000
00000000 000000000000 00000100 000000010000
00000000 000000000000 00000000 000000000000
00000000 000000000000 00000000 000000000000
00000000 000000000000 00000000 000000000000
00000000 000000000000 00000000 000000000000
00000000 000000000000 00000000 000000000000
00000000 000000000000 00000000 000000000000
00000000 000000000000 00000000 000000000000
00000000 000000000000 00000000 000000000000
00000000 000000000000 00000000 000000000000
00000000 000000000000 00000000 000000000000
00000000 000000000000 00000000 000000000000