00000001 000000010100 00000110 000000010101 
00001111 000000000110 00001111 000000000110
00000001 000000010101 00000110 000000010110 
00001111 000000001100 00001111 000000001100 
00000001 000000010110 00100001 000000010111 
00000000 000000000000 00000000 000000000000                   
00000001 000000010100 00000110 000000010110 
00001111 000000001010 00001111 000000001010                       
00000001 000000010110 00100001 000000010111 
00000000 000000000000 00000000 000000000000
00000001 000000010100 00100001 000000010111 
00000000 000000000000 00000000 000000000000
00000001 000000010101 00100001 000000010111 
00000000 000000000000 00000000 000000000000
00000000 000000000000 00000000 000000000000
00000000 000000000000 00000000 000000000000
00000000 000000000000 00000000 000000000000
00000000 000000000000 00000000 000000000000
00000000 000000000000 00000000 000000000000
00000000 000000000000 00000000 000000000000
00000000 000000000000 00000000 000000000010
00000000 000000000000 00000000 000000100100
00000000 000000000000 00000000 000000001000
00000000 000000000000 00000000 000000000000