00000001 000000001000 00000110 000000001001
00001111 000000000100 00001111 000000000100
00000001 000000001000 00100001 000000001010
00000000 000000000000 00000000 000000000000
00000001 000000001001 00100001 000000001010
00000000 000000000000 00000000 000000000000
00000000 000000000000 00000000 000000000000
00000000 000000000000 00000000 000000000000
00000000 000000000000 00000000 000000101000
00000000 000000000000 00000000 000000010000
00000000 000000000000 00000000 000000000000
00000000 000000000000 00000000 000000000000
00000000 000000000000 00000000 000000000000
00000000 000000000000 00000000 000000000000
00000000 000000000000 00000000 000000000000
00000000 000000000000 00000000 000000000000
