00001001 000000000110 00001011 000000000111
00100001 000000000011 00001001 000000001000
00001011 000000000011 00100001 000000001010
00000000 000000000000 00000000 000000000000
00000000 000000000000 00000000 000000000000
00000000 000000000000 00000000 000000000000
00000000 000000000000 00000000 000000101000
00000000 000000000000 00000000 000000000010
00000000 000000000000 00000000 000000011001
00000000 000000000000 00000000 000000000000
00000000 000000000000 00000000 000000000000
00000000 000000000000 00000000 000000000000